bestPath = [37	49	36	30	47	29	41	35	43	31	26	25	32	50	11	3	6	15	12	2	14	22	17	24	23	4	9	10	13	1	5	18	21	16	8	20	19	7	44	40	27	39	45	38	48	33	42	34	28	46];